model,dataset,enc_in,history,horizon,project_nodes,predict_nonlinear,adj,mae_mean,mae_std,mse_mean,mse_std
NaiveEstimator,ETTh2,7,96,96,False,False,identity,1.202545508028654,0.003174240903139928,2.4849449287144845,0.011246401604333139
NaiveEstimator,ETTh2,7,96,96,False,True,identity,1.2140104508668697,0.01686164075848159,2.4865483623727838,0.06239174475365428
NaiveEstimator,ETTh2,7,96,96,True,False,identity,1.2356118098788624,0.018065773308240538,2.5749822350040956,0.063118671536615
NaiveEstimator,ETTh2,7,96,96,True,True,identity,1.2321409701044732,0.014104978334806501,2.559274267782166,0.04300304649891056
NaiveEstimator,ETTh2,7,96,96,False,False,linear,1.2079101881174872,0.010658866045794885,2.499809433898656,0.02594396616807955
NaiveEstimator,ETTh2,7,96,96,False,True,linear,1.2073076765439625,0.017520411821943967,2.4902892338237343,0.055614727150600396
NaiveEstimator,ETTh2,7,96,96,True,False,linear,1.2455872557094665,0.020080553788519445,2.6100300801951564,0.06390239591533017
NaiveEstimator,ETTh2,7,96,96,True,True,linear,1.3547018322337498,0.13563280449564735,3.017933236651756,0.4816309548397989
NaiveEstimator,ETTh2,7,96,96,False,False,global,1.1938957339320477,0.0010083204303640717,2.4651227567508522,0.0041102642103400516
NaiveEstimator,ETTh2,7,96,96,False,True,global,1.1819690805531424,0.025677921582043507,2.3817072696773507,0.11026064390244321
NaiveEstimator,ETTh2,7,96,96,True,False,global,1.2383359733742907,0.01459587824354425,2.5943899292584547,0.040995567043617766
NaiveEstimator,ETTh2,7,96,96,True,True,global,1.281091336737745,0.050128830205180004,2.7159303581662497,0.17283534390110475
NaiveEstimator,ETTh2,7,96,96,False,False,directed,1.1992472359338506,0.004878332125157995,2.4763170879847944,0.011791952841706234
NaiveEstimator,ETTh2,7,96,96,False,True,directed,1.1852200015835697,0.020568627546806748,2.422680046420568,0.08569895185407286
NaiveEstimator,ETTh2,7,96,96,True,False,directed,1.232439799766595,0.012740501802204806,2.56605681202547,0.030293239193255838
NaiveEstimator,ETTh2,7,96,96,True,True,directed,1.243998811615326,0.06009545947034948,2.5735275804002744,0.21878326172528317
NaiveEstimator,ETTh2,7,96,96,False,False,undirected,1.2009947947544104,0.004845166876745926,2.481091965930689,0.01563827578570581
NaiveEstimator,ETTh2,7,96,96,False,True,undirected,1.222917571972867,0.06606570068442215,2.4974875998931587,0.22226746925936627
NaiveEstimator,ETTh2,7,96,96,True,False,undirected,1.2190916412196091,0.010354417223725786,2.5270869765514785,0.04361322408342218
NaiveEstimator,ETTh2,7,96,96,True,True,undirected,1.2578929653703836,0.051641652168488344,2.6374855039336422,0.18227895253583223
NaiveEstimator,ETTh2,7,96,96,False,False,unidirected,1.1899772685308432,0.004692071196770919,2.4538624863156024,0.018554793716596376
NaiveEstimator,ETTh2,7,96,96,False,True,unidirected,1.18296275130558,0.026152678504699912,2.4175262364709575,0.10539469066840444
NaiveEstimator,ETTh2,7,96,96,True,False,unidirected,1.2394274904550775,0.011576977698450508,2.5842799434555968,0.026290925495881464
NaiveEstimator,ETTh2,7,96,96,True,True,unidirected,1.286681948681994,0.09698491123154412,2.759931947160449,0.34835148190209375
NaiveEstimator,ETTh2,7,96,96,False,False,graph_wavenet,1.19017786658828,0.004220200106255224,2.4483307228167273,0.014795168460387403
NaiveEstimator,ETTh2,7,96,96,False,True,graph_wavenet,1.2135476348194658,0.061833450285535566,2.494277005656045,0.1916988811071539
NaiveEstimator,ETTh2,7,96,96,True,False,graph_wavenet,1.2294264593682631,0.01019570635997731,2.559478016629278,0.03394360865249596
NaiveEstimator,ETTh2,7,96,96,True,True,graph_wavenet,1.2345309544535783,0.024675497184678704,2.5689393285077413,0.06935273454096672
NaiveEstimator,ETTh2,7,96,96,False,False,dynamic_attention,1.193231352965498,0.010648201636547568,2.4616464419283437,0.03629276739072429
NaiveEstimator,ETTh2,7,96,96,False,True,dynamic_attention,1.1769391609378281,0.013071005407241291,2.409334035837115,0.04478016525105717
NaiveEstimator,ETTh2,7,96,96,True,False,dynamic_attention,1.2020880089651749,0.012719993969865402,2.489621807614271,0.03552472603306742
NaiveEstimator,ETTh2,7,96,96,True,True,dynamic_attention,1.1883077447216193,0.008242767992071654,2.4450114270587635,0.026825253279556076
NaiveEstimator,ETTh2,7,96,96,False,False,multihead_attention,1.20188920721193,0.0025641035694465883,2.483759480171508,0.00923542841269089
NaiveEstimator,ETTh2,7,96,96,False,True,multihead_attention,1.2175238903346277,0.04086193507650218,2.5021130114651187,0.13696498153299078
NaiveEstimator,ETTh2,7,96,96,True,False,multihead_attention,1.2048507482160287,0.006035163221355312,2.49118079699904,0.01410539070169527
NaiveEstimator,ETTh2,7,96,96,True,True,multihead_attention,1.2198314590992887,0.014295147049587422,2.522955958408221,0.034451002816746824
